0X1000 14 10 33 48 20 39 00 10 36 28 10 30 30 10 15 48 
0X1010 20 61 3C 10 03 00 10 2A 0C 10 39 00 10 2D 0C 10 
0X1020 36 48 20 61 08 10 33 4C 00 00 45 4F 46 00 00 03 
0X1030 00 00 00 00 00 00 00 00 00 00 00 00 00 00 00 00 
0X1040 00 00 00 00 00 00 00 00 00 00 00 00 00 00 00 00 
0X1050 00 00 00 00 00 00 00 00 00 00 00 00 00 00 00 00 
0X1060 00 00 00 00 00 00 00 00 00 00 00 00 00 00 00 00 
0X1070 00 00 00 00 00 00 00 00 00 00 00 00 00 00 00 00 
0X1080 00 00 00 00 00 00 00 00 00 00 00 00 00 00 00 00 
0X1090 00 00 00 00 00 00 00 00 00 00 00 00 00 00 00 00 
0X10A0 00 00 00 00 00 00 00 00 00 00 00 00 00 00 00 00 
0X10B0 00 00 00 00 00 00 00 00 00 00 00 00 00 00 00 00 
0X10C0 00 00 00 00 00 00 00 00 00 00 00 00 00 00 00 00 
0X10D0 00 00 00 00 00 00 00 00 00 00 00 00 00 00 00 00 
0X10E0 00 00 00 00 00 00 00 00 00 00 00 00 00 00 00 00 
0X10F0 00 00 00 00 00 00 00 00 00 00 00 00 00 00 00 00 
0X1100 00 00 00 00 00 00 00 00 00 00 00 00 00 00 00 00 
0X1110 00 00 00 00 00 00 00 00 00 00 00 00 00 00 00 00 
0X1120 00 00 00 00 00 00 00 00 00 00 00 00 00 00 00 00 
0X1130 00 00 00 00 00 00 00 00 00 00 00 00 00 00 00 00 
0X1140 00 00 00 00 00 00 00 00 00 00 00 00 00 00 00 00 
0X1150 00 00 00 00 00 00 00 00 00 00 00 00 00 00 00 00 
0X1160 00 00 00 00 00 00 00 00 00 00 00 00 00 00 00 00 
0X1170 00 00 00 00 00 00 00 00 00 00 00 00 00 00 00 00 
0X1180 00 00 00 00 00 00 00 00 00 00 00 00 00 00 00 00 
0X1190 00 00 00 00 00 00 00 00 00 00 00 00 00 00 00 00 
0X11A0 00 00 00 00 00 00 00 00 00 00 00 00 00 00 00 00 
0X11B0 00 00 00 00 00 00 00 00 00 00 00 00 00 00 00 00 
0X11C0 00 00 00 00 00 00 00 00 00 00 00 00 00 00 00 00 
0X11D0 00 00 00 00 00 00 00 00 00 00 00 00 00 00 00 00 
0X11E0 00 00 00 00 00 00 00 00 00 00 00 00 00 00 00 00 
0X11F0 00 00 00 00 00 00 00 00 00 00 00 00 00 00 00 00 
0X1200 00 00 00 00 00 00 00 00 00 00 00 00 00 00 00 00 
0X1210 00 00 00 00 00 00 00 00 00 00 00 00 00 00 00 00 
0X1220 00 00 00 00 00 00 00 00 00 00 00 00 00 00 00 00 
0X1230 00 00 00 00 00 00 00 00 00 00 00 00 00 00 00 00 
0X1240 00 00 00 00 00 00 00 00 00 00 00 00 00 00 00 00 
0X1250 00 00 00 00 00 00 00 00 00 00 00 00 00 00 00 00 
0X1260 00 00 00 00 00 00 00 00 00 00 00 00 00 00 00 00 
0X1270 00 00 00 00 00 00 00 00 00 00 00 00 00 00 00 00 
0X1280 00 00 00 00 00 00 00 00 00 00 00 00 00 00 00 00 
0X1290 00 00 00 00 00 00 00 00 00 00 00 00 00 00 00 00 
0X12A0 00 00 00 00 00 00 00 00 00 00 00 00 00 00 00 00 
0X12B0 00 00 00 00 00 00 00 00 00 00 00 00 00 00 00 00 
0X12C0 00 00 00 00 00 00 00 00 00 00 00 00 00 00 00 00 
0X12D0 00 00 00 00 00 00 00 00 00 00 00 00 00 00 00 00 
0X12E0 00 00 00 00 00 00 00 00 00 00 00 00 00 00 00 00 
0X12F0 00 00 00 00 00 00 00 00 00 00 00 00 00 00 00 00 
0X1300 00 00 00 00 00 00 00 00 00 00 00 00 00 00 00 00 
0X1310 00 00 00 00 00 00 00 00 00 00 00 00 00 00 00 00 
0X1320 00 00 00 00 00 00 00 00 00 00 00 00 00 00 00 00 
0X1330 00 00 00 00 00 00 00 00 00 00 00 00 00 00 00 00 
0X1340 00 00 00 00 00 00 00 00 00 00 00 00 00 00 00 00 
0X1350 00 00 00 00 00 00 00 00 00 00 00 00 00 00 00 00 
0X1360 00 00 00 00 00 00 00 00 00 00 00 00 00 00 00 00 
0X1370 00 00 00 00 00 00 00 00 00 00 00 00 00 00 00 00 
0X1380 00 00 00 00 00 00 00 00 00 00 00 00 00 00 00 00 
0X1390 00 00 00 00 00 00 00 00 00 00 00 00 00 00 00 00 
0X13A0 00 00 00 00 00 00 00 00 00 00 00 00 00 00 00 00 
0X13B0 00 00 00 00 00 00 00 00 00 00 00 00 00 00 00 00 
0X13C0 00 00 00 00 00 00 00 00 00 00 00 00 00 00 00 00 
0X13D0 00 00 00 00 00 00 00 00 00 00 00 00 00 00 00 00 
0X13E0 00 00 00 00 00 00 00 00 00 00 00 00 00 00 00 00 
0X13F0 00 00 00 00 00 00 00 00 00 00 00 00 00 00 00 00 
0X1400 00 00 00 00 00 00 00 00 00 00 00 00 00 00 00 00 
0X1410 00 00 00 00 00 00 00 00 00 00 00 00 00 00 00 00 
0X1420 00 00 00 00 00 00 00 00 00 00 00 00 00 00 00 00 
0X1430 00 00 00 00 00 00 00 00 00 00 00 00 00 00 00 00 
0X1440 00 00 00 00 00 00 00 00 00 00 00 00 00 00 00 00 
0X1450 00 00 00 00 00 00 00 00 00 00 00 00 00 00 00 00 
0X1460 00 00 00 00 00 00 00 00 00 00 00 00 00 00 00 00 
0X1470 00 00 00 00 00 00 00 00 00 00 00 00 00 00 00 00 
0X1480 00 00 00 00 00 00 00 00 00 00 00 00 00 00 00 00 
0X1490 00 00 00 00 00 00 00 00 00 00 00 00 00 00 00 00 
0X14A0 00 00 00 00 00 00 00 00 00 00 00 00 00 00 00 00 
0X14B0 00 00 00 00 00 00 00 00 00 00 00 00 00 00 00 00 
0X14C0 00 00 00 00 00 00 00 00 00 00 00 00 00 00 00 00 
0X14D0 00 00 00 00 00 00 00 00 00 00 00 00 00 00 00 00 
0X14E0 00 00 00 00 00 00 00 00 00 00 00 00 00 00 00 00 
0X14F0 00 00 00 00 00 00 00 00 00 00 00 00 00 00 00 00 
0X1500 00 00 00 00 00 00 00 00 00 00 00 00 00 00 00 00 
0X1510 00 00 00 00 00 00 00 00 00 00 00 00 00 00 00 00 
0X1520 00 00 00 00 00 00 00 00 00 00 00 00 00 00 00 00 
0X1530 00 00 00 00 00 00 00 00 00 00 00 00 00 00 00 00 
0X1540 00 00 00 00 00 00 00 00 00 00 00 00 00 00 00 00 
0X1550 00 00 00 00 00 00 00 00 00 00 00 00 00 00 00 00 
0X1560 00 00 00 00 00 00 00 00 00 00 00 00 00 00 00 00 
0X1570 00 00 00 00 00 00 00 00 00 00 00 00 00 00 00 00 
0X1580 00 00 00 00 00 00 00 00 00 00 00 00 00 00 00 00 
0X1590 00 00 00 00 00 00 00 00 00 00 00 00 00 00 00 00 
0X15A0 00 00 00 00 00 00 00 00 00 00 00 00 00 00 00 00 
0X15B0 00 00 00 00 00 00 00 00 00 00 00 00 00 00 00 00 
0X15C0 00 00 00 00 00 00 00 00 00 00 00 00 00 00 00 00 
0X15D0 00 00 00 00 00 00 00 00 00 00 00 00 00 00 00 00 
0X15E0 00 00 00 00 00 00 00 00 00 00 00 00 00 00 00 00 
0X15F0 00 00 00 00 00 00 00 00 00 00 00 00 00 00 00 00 
0X1600 00 00 00 00 00 00 00 00 00 00 00 00 00 00 00 00 
0X1610 00 00 00 00 00 00 00 00 00 00 00 00 00 00 00 00 
0X1620 00 00 00 00 00 00 00 00 00 00 00 00 00 00 00 00 
0X1630 00 00 00 00 00 00 00 00 00 00 00 00 00 00 00 00 
0X1640 00 00 00 00 00 00 00 00 00 00 00 00 00 00 00 00 
0X1650 00 00 00 00 00 00 00 00 00 00 00 00 00 00 00 00 
0X1660 00 00 00 00 00 00 00 00 00 00 00 00 00 00 00 00 
0X1670 00 00 00 00 00 00 00 00 00 00 00 00 00 00 00 00 
0X1680 00 00 00 00 00 00 00 00 00 00 00 00 00 00 00 00 
0X1690 00 00 00 00 00 00 00 00 00 00 00 00 00 00 00 00 
0X16A0 00 00 00 00 00 00 00 00 00 00 00 00 00 00 00 00 
0X16B0 00 00 00 00 00 00 00 00 00 00 00 00 00 00 00 00 
0X16C0 00 00 00 00 00 00 00 00 00 00 00 00 00 00 00 00 
0X16D0 00 00 00 00 00 00 00 00 00 00 00 00 00 00 00 00 
0X16E0 00 00 00 00 00 00 00 00 00 00 00 00 00 00 00 00 
0X16F0 00 00 00 00 00 00 00 00 00 00 00 00 00 00 00 00 
0X1700 00 00 00 00 00 00 00 00 00 00 00 00 00 00 00 00 
0X1710 00 00 00 00 00 00 00 00 00 00 00 00 00 00 00 00 
0X1720 00 00 00 00 00 00 00 00 00 00 00 00 00 00 00 00 
0X1730 00 00 00 00 00 00 00 00 00 00 00 00 00 00 00 00 
0X1740 00 00 00 00 00 00 00 00 00 00 00 00 00 00 00 00 
0X1750 00 00 00 00 00 00 00 00 00 00 00 00 00 00 00 00 
0X1760 00 00 00 00 00 00 00 00 00 00 00 00 00 00 00 00 
0X1770 00 00 00 00 00 00 00 00 00 00 00 00 00 00 00 00 
0X1780 00 00 00 00 00 00 00 00 00 00 00 00 00 00 00 00 
0X1790 00 00 00 00 00 00 00 00 00 00 00 00 00 00 00 00 
0X17A0 00 00 00 00 00 00 00 00 00 00 00 00 00 00 00 00 
0X17B0 00 00 00 00 00 00 00 00 00 00 00 00 00 00 00 00 
0X17C0 00 00 00 00 00 00 00 00 00 00 00 00 00 00 00 00 
0X17D0 00 00 00 00 00 00 00 00 00 00 00 00 00 00 00 00 
0X17E0 00 00 00 00 00 00 00 00 00 00 00 00 00 00 00 00 
0X17F0 00 00 00 00 00 00 00 00 00 00 00 00 00 00 00 00 
0X1800 00 00 00 00 00 00 00 00 00 00 00 00 00 00 00 00 
0X1810 00 00 00 00 00 00 00 00 00 00 00 00 00 00 00 00 
0X1820 00 00 00 00 00 00 00 00 00 00 00 00 00 00 00 00 
0X1830 00 00 00 00 00 00 00 00 00 00 00 00 00 00 00 00 
0X1840 00 00 00 00 00 00 00 00 00 00 00 00 00 00 00 00 
0X1850 00 00 00 00 00 00 00 00 00 00 00 00 00 00 00 00 
0X1860 00 00 00 00 00 00 00 00 00 00 00 00 00 00 00 00 
0X1870 00 00 00 00 00 00 00 00 00 00 00 00 00 00 00 00 
0X1880 00 00 00 00 00 00 00 00 00 00 00 00 00 00 00 00 
0X1890 00 00 00 00 00 00 00 00 00 00 00 00 00 00 00 00 
0X18A0 00 00 00 00 00 00 00 00 00 00 00 00 00 00 00 00 
0X18B0 00 00 00 00 00 00 00 00 00 00 00 00 00 00 00 00 
0X18C0 00 00 00 00 00 00 00 00 00 00 00 00 00 00 00 00 
0X18D0 00 00 00 00 00 00 00 00 00 00 00 00 00 00 00 00 
0X18E0 00 00 00 00 00 00 00 00 00 00 00 00 00 00 00 00 
0X18F0 00 00 00 00 00 00 00 00 00 00 00 00 00 00 00 00 
0X1900 00 00 00 00 00 00 00 00 00 00 00 00 00 00 00 00 
0X1910 00 00 00 00 00 00 00 00 00 00 00 00 00 00 00 00 
0X1920 00 00 00 00 00 00 00 00 00 00 00 00 00 00 00 00 
0X1930 00 00 00 00 00 00 00 00 00 00 00 00 00 00 00 00 
0X1940 00 00 00 00 00 00 00 00 00 00 00 00 00 00 00 00 
0X1950 00 00 00 00 00 00 00 00 00 00 00 00 00 00 00 00 
0X1960 00 00 00 00 00 00 00 00 00 00 00 00 00 00 00 00 
0X1970 00 00 00 00 00 00 00 00 00 00 00 00 00 00 00 00 
0X1980 00 00 00 00 00 00 00 00 00 00 00 00 00 00 00 00 
0X1990 00 00 00 00 00 00 00 00 00 00 00 00 00 00 00 00 
0X19A0 00 00 00 00 00 00 00 00 00 00 00 00 00 00 00 00 
0X19B0 00 00 00 00 00 00 00 00 00 00 00 00 00 00 00 00 
0X19C0 00 00 00 00 00 00 00 00 00 00 00 00 00 00 00 00 
0X19D0 00 00 00 00 00 00 00 00 00 00 00 00 00 00 00 00 
0X19E0 00 00 00 00 00 00 00 00 00 00 00 00 00 00 00 00 
0X19F0 00 00 00 00 00 00 00 00 00 00 00 00 00 00 00 00 
0X1A00 00 00 00 00 00 00 00 00 00 00 00 00 00 00 00 00 
0X1A10 00 00 00 00 00 00 00 00 00 00 00 00 00 00 00 00 
0X1A20 00 00 00 00 00 00 00 00 00 00 00 00 00 00 00 00 
0X1A30 00 00 00 00 00 00 00 00 00 00 00 00 00 00 00 00 
0X1A40 00 00 00 00 00 00 00 00 00 00 00 00 00 00 00 00 
0X1A50 00 00 00 00 00 00 00 00 00 00 00 00 00 00 00 00 
0X1A60 00 00 00 00 00 00 00 00 00 00 00 00 00 00 00 00 
0X1A70 00 00 00 00 00 00 00 00 00 00 00 00 00 00 00 00 
0X1A80 00 00 00 00 00 00 00 00 00 00 00 00 00 00 00 00 
0X1A90 00 00 00 00 00 00 00 00 00 00 00 00 00 00 00 00 
0X1AA0 00 00 00 00 00 00 00 00 00 00 00 00 00 00 00 00 
0X1AB0 00 00 00 00 00 00 00 00 00 00 00 00 00 00 00 00 
0X1AC0 00 00 00 00 00 00 00 00 00 00 00 00 00 00 00 00 
0X1AD0 00 00 00 00 00 00 00 00 00 00 00 00 00 00 00 00 
0X1AE0 00 00 00 00 00 00 00 00 00 00 00 00 00 00 00 00 
0X1AF0 00 00 00 00 00 00 00 00 00 00 00 00 00 00 00 00 
0X1B00 00 00 00 00 00 00 00 00 00 00 00 00 00 00 00 00 
0X1B10 00 00 00 00 00 00 00 00 00 00 00 00 00 00 00 00 
0X1B20 00 00 00 00 00 00 00 00 00 00 00 00 00 00 00 00 
0X1B30 00 00 00 00 00 00 00 00 00 00 00 00 00 00 00 00 
0X1B40 00 00 00 00 00 00 00 00 00 00 00 00 00 00 00 00 
0X1B50 00 00 00 00 00 00 00 00 00 00 00 00 00 00 00 00 
0X1B60 00 00 00 00 00 00 00 00 00 00 00 00 00 00 00 00 
0X1B70 00 00 00 00 00 00 00 00 00 00 00 00 00 00 00 00 
0X1B80 00 00 00 00 00 00 00 00 00 00 00 00 00 00 00 00 
0X1B90 00 00 00 00 00 00 00 00 00 00 00 00 00 00 00 00 
0X1BA0 00 00 00 00 00 00 00 00 00 00 00 00 00 00 00 00 
0X1BB0 00 00 00 00 00 00 00 00 00 00 00 00 00 00 00 00 
0X1BC0 00 00 00 00 00 00 00 00 00 00 00 00 00 00 00 00 
0X1BD0 00 00 00 00 00 00 00 00 00 00 00 00 00 00 00 00 
0X1BE0 00 00 00 00 00 00 00 00 00 00 00 00 00 00 00 00 
0X1BF0 00 00 00 00 00 00 00 00 00 00 00 00 00 00 00 00 
0X1C00 00 00 00 00 00 00 00 00 00 00 00 00 00 00 00 00 
0X1C10 00 00 00 00 00 00 00 00 00 00 00 00 00 00 00 00 
0X1C20 00 00 00 00 00 00 00 00 00 00 00 00 00 00 00 00 
0X1C30 00 00 00 00 00 00 00 00 00 00 00 00 00 00 00 00 
0X1C40 00 00 00 00 00 00 00 00 00 00 00 00 00 00 00 00 
0X1C50 00 00 00 00 00 00 00 00 00 00 00 00 00 00 00 00 
0X1C60 00 00 00 00 00 00 00 00 00 00 00 00 00 00 00 00 
0X1C70 00 00 00 00 00 00 00 00 00 00 00 00 00 00 00 00 
0X1C80 00 00 00 00 00 00 00 00 00 00 00 00 00 00 00 00 
0X1C90 00 00 00 00 00 00 00 00 00 00 00 00 00 00 00 00 
0X1CA0 00 00 00 00 00 00 00 00 00 00 00 00 00 00 00 00 
0X1CB0 00 00 00 00 00 00 00 00 00 00 00 00 00 00 00 00 
0X1CC0 00 00 00 00 00 00 00 00 00 00 00 00 00 00 00 00 
0X1CD0 00 00 00 00 00 00 00 00 00 00 00 00 00 00 00 00 
0X1CE0 00 00 00 00 00 00 00 00 00 00 00 00 00 00 00 00 
0X1CF0 00 00 00 00 00 00 00 00 00 00 00 00 00 00 00 00 
0X1D00 00 00 00 00 00 00 00 00 00 00 00 00 00 00 00 00 
0X1D10 00 00 00 00 00 00 00 00 00 00 00 00 00 00 00 00 
0X1D20 00 00 00 00 00 00 00 00 00 00 00 00 00 00 00 00 
0X1D30 00 00 00 00 00 00 00 00 00 00 00 00 00 00 00 00 
0X1D40 00 00 00 00 00 00 00 00 00 00 00 00 00 00 00 00 
0X1D50 00 00 00 00 00 00 00 00 00 00 00 00 00 00 00 00 
0X1D60 00 00 00 00 00 00 00 00 00 00 00 00 00 00 00 00 
0X1D70 00 00 00 00 00 00 00 00 00 00 00 00 00 00 00 00 
0X1D80 00 00 00 00 00 00 00 00 00 00 00 00 00 00 00 00 
0X1D90 00 00 00 00 00 00 00 00 00 00 00 00 00 00 00 00 
0X1DA0 00 00 00 00 00 00 00 00 00 00 00 00 00 00 00 00 
0X1DB0 00 00 00 00 00 00 00 00 00 00 00 00 00 00 00 00 
0X1DC0 00 00 00 00 00 00 00 00 00 00 00 00 00 00 00 00 
0X1DD0 00 00 00 00 00 00 00 00 00 00 00 00 00 00 00 00 
0X1DE0 00 00 00 00 00 00 00 00 00 00 00 00 00 00 00 00 
0X1DF0 00 00 00 00 00 00 00 00 00 00 00 00 00 00 00 00 
0X1E00 00 00 00 00 00 00 00 00 00 00 00 00 00 00 00 00 
0X1E10 00 00 00 00 00 00 00 00 00 00 00 00 00 00 00 00 
0X1E20 00 00 00 00 00 00 00 00 00 00 00 00 00 00 00 00 
0X1E30 00 00 00 00 00 00 00 00 00 00 00 00 00 00 00 00 
0X1E40 00 00 00 00 00 00 00 00 00 00 00 00 00 00 00 00 
0X1E50 00 00 00 00 00 00 00 00 00 00 00 00 00 00 00 00 
0X1E60 00 00 00 00 00 00 00 00 00 00 00 00 00 00 00 00 
0X1E70 00 00 00 00 00 00 00 00 00 00 00 00 00 00 00 00 
0X1E80 00 00 00 00 00 00 00 00 00 00 00 00 00 00 00 00 
0X1E90 00 00 00 00 00 00 00 00 00 00 00 00 00 00 00 00 
0X1EA0 00 00 00 00 00 00 00 00 00 00 00 00 00 00 00 00 
0X1EB0 00 00 00 00 00 00 00 00 00 00 00 00 00 00 00 00 
0X1EC0 00 00 00 00 00 00 00 00 00 00 00 00 00 00 00 00 
0X1ED0 00 00 00 00 00 00 00 00 00 00 00 00 00 00 00 00 
0X1EE0 00 00 00 00 00 00 00 00 00 00 00 00 00 00 00 00 
0X1EF0 00 00 00 00 00 00 00 00 00 00 00 00 00 00 00 00 
0X1F00 00 00 00 00 00 00 00 00 00 00 00 00 00 00 00 00 
0X1F10 00 00 00 00 00 00 00 00 00 00 00 00 00 00 00 00 
0X1F20 00 00 00 00 00 00 00 00 00 00 00 00 00 00 00 00 
0X1F30 00 00 00 00 00 00 00 00 00 00 00 00 00 00 00 00 
0X1F40 00 00 00 00 00 00 00 00 00 00 00 00 00 00 00 00 
0X1F50 00 00 00 00 00 00 00 00 00 00 00 00 00 00 00 00 
0X1F60 00 00 00 00 00 00 00 00 00 00 00 00 00 00 00 00 
0X1F70 00 00 00 00 00 00 00 00 00 00 00 00 00 00 00 00 
0X1F80 00 00 00 00 00 00 00 00 00 00 00 00 00 00 00 00 
0X1F90 00 00 00 00 00 00 00 00 00 00 00 00 00 00 00 00 
0X1FA0 00 00 00 00 00 00 00 00 00 00 00 00 00 00 00 00 
0X1FB0 00 00 00 00 00 00 00 00 00 00 00 00 00 00 00 00 
0X1FC0 00 00 00 00 00 00 00 00 00 00 00 00 00 00 00 00 
0X1FD0 00 00 00 00 00 00 00 00 00 00 00 00 00 00 00 00 
0X1FE0 00 00 00 00 00 00 00 00 00 00 00 00 00 00 00 00 
0X1FF0 00 00 00 00 00 00 00 00 00 00 00 00 00 00 00 00 
0X2000 00 00 00 00 00 00 00 00 00 00 00 00 00 00 00 00 
0X2010 00 00 00 00 00 00 00 00 00 00 00 00 00 00 00 00 
0X2020 00 00 00 00 00 00 00 00 00 00 00 00 00 00 00 00 
0X2030 00 00 00 00 00 00 00 00 00 04 10 30 00 10 30 E0 
0X2040 20 5D 30 20 3F D8 20 5D 28 10 30 30 20 57 54 90 
0X2050 39 2C 20 5E 38 20 3F 10 10 36 4C 00 00 F1 00 10 
0X2060 00 04 10 30 E0 20 79 30 20 64 50 90 39 DC 20 79 
0X2070 2C 10 36 38 20 64 4C 00 00 05